RectPerimetr: 40.000000
RectSquare: 100.000000
